Gen, Sel_Event, Objective, Individuals, Sel_Ind
0,0,0,[9, 4, 5, 10],5
0,0,0,[7, 6, 4, 3],3
0,0,0,[3, 4, 10, 1],10
0,0,0,[3, 10, 1, 7],10
0,0,0,[2, 9, 7, 8],7
0,0,0,[10, 7, 5, 4],5
0,0,0,[6, 2, 10, 5],5
0,0,0,[2, 8, 6, 7],7
0,0,0,[5, 2, 4, 3],5
0,0,0,[3, 6, 7, 8],3
0,0,0,[1, 4],-1
0,-1,-1,[1, 4],1
0,0,0,[10, 2, 7, 1],10
0,0,0,[2, 1, 9, 10],10
0,0,0,[3, 2, 8, 9],3
0,0,0,[10, 2, 5, 1],5
1,0,0,[13, 18, 11],-1
1,-1,-1,[13, 18, 11],18
1,0,0,[21, 17, 15],-1
1,-1,-1,[21, 17, 15],15
1,0,0,[13, 15, 11],-1
1,-1,-1,[13, 15, 11],15
1,0,0,[16, 11, 15],-1
1,-1,-1,[16, 11, 15],16
1,0,0,[18, 16, 15],-1
1,-1,-1,[18, 16, 15],15
1,0,0,[13, 21, 15],-1
1,-1,-1,[13, 21, 15],21
1,0,0,[12, 11, 16],-1
1,-1,-1,[12, 11, 16],12
1,0,0,[18, 21, 17],-1
1,-1,-1,[18, 21, 17],18
1,0,0,[17, 21, 11],-1
1,-1,-1,[17, 21, 11],17
1,0,0,[13, 18],-1
1,-1,-1,[13, 18],13
1,0,0,[18, 11, 16, 15],-1
1,-1,-1,[18, 11, 16, 15],15
1,0,0,[13, 21, 12, 11],-1
1,-1,-1,[13, 21, 12, 11],11
1,0,0,[21, 17, 16, 11],-1
1,-1,-1,[21, 17, 16, 11],17
1,0,0,[21, 12],-1
1,-1,-1,[21, 12],21
1,0,0,[13, 15],-1
1,-1,-1,[13, 15],13
